% column 1: initial x position
% column 2: initial y position
% column 3: initial x velocity
% column 4: initial y velocity
% column 5: mass
   06.0000   06.0000   -0.4462    0.4187    1.0000
   06.0000   12.0000   -0.9077    0.5094    1.0000
   06.0000   18.0000   -0.8057   -0.4479    1.0000
   06.0000   24.0000    0.6469    0.3594    1.0000
   12.0000   06.0000    0.3897    0.3102    1.0000
   12.0000   12.0000   -0.3658   -0.6748    1.0000
   12.0000   18.0000    0.9004   -0.7620    1.0000
   12.0000   24.0000   -0.9311   -0.0033    1.0000
   18.0000   06.0000   -0.1225    0.9195    1.0000
   18.0000   12.0000   -0.2369   -0.3192    1.0000
   18.0000   18.0000    0.5310    0.1705    1.0000
   18.0000   24.0000    0.5904   -0.5524    1.0000
   24.0000   06.0000   -0.6263    0.5025    1.0000
   24.0000   12.0000   -0.0205   -0.4898    1.0000
   24.0000   18.0000   -0.1088    0.0119    1.0000
   24.0000   24.0000    0.2926    0.3982    1.0000